%YAML:1.0
---
rms: 3.3350065486046054e-01
camera_matrix: !!opencv-matrix
   rows: 3
   cols: 3
   dt: d
   data: [ 8.0550088812797947e+02, 0., 3.0605529420905856e+02, 0.,
       8.0456382105148191e+02, 2.4992910892229935e+02, 0., 0., 1. ]
distortion_coefficients: !!opencv-matrix
   rows: 5
   cols: 1
   dt: d
   data: [ -1.1710239498185085e-01, 3.0297868669472603e+00,
       2.0620895131014212e-03, -3.1335455152241348e-03,
       -1.6765286703743900e+01 ]
